#time =  3.6000071E+02
#  y    y+    Umean    Tmean
  0.000000000E+00  0.000000000E+00  0.000000000E+00              NaN
  8.132169850E-04  1.449539823E-01  1.452921823E-01              NaN
  1.665921199E-03  2.969464687E-01  2.975035624E-01              NaN
  2.559993823E-03  4.563127753E-01  4.569511236E-01              NaN
  3.497402035E-03  6.234035466E-01  6.239604958E-01              NaN
  4.480202568E-03  7.985853907E-01  7.988636347E-01              NaN
  5.510545394E-03  9.822415348E-01  9.819943272E-01              NaN
  6.590677506E-03  1.174772500E+00  1.173684208E+00              NaN
  7.722946815E-03  1.376596796E+00  1.374267409E+00              NaN
  8.909806151E-03  1.588151634E+00  1.584071875E+00              NaN
  1.015381737E-02  1.809893657E+00  1.803405441E+00              NaN
  1.145765555E-02  2.042299695E+00  2.032563986E+00              NaN
  1.282411332E-02  2.285867524E+00  2.271810062E+00              NaN
  1.425610523E-02  2.541116655E+00  2.521363095E+00              NaN
  1.575667222E-02  2.808589131E+00  2.781386171E+00              NaN
  1.732898620E-02  3.088850339E+00  3.051975567E+00              NaN
  1.897635469E-02  3.382489830E+00  3.333150213E+00              NaN
  2.070222542E-02  3.690122161E+00  3.624837811E+00              NaN
  2.251019117E-02  4.012387730E+00  3.926845490E+00              NaN
  2.440399441E-02  4.349953628E+00  4.238855648E+00              NaN
  2.638753217E-02  4.703514489E+00  4.560429099E+00              NaN
  2.846486076E-02  5.073793340E+00  4.890974219E+00              NaN
  3.064020051E-02  5.461542447E+00  5.229741176E+00              NaN
  3.291794050E-02  5.867544152E+00  5.575833576E+00              NaN
  3.530264319E-02  6.292611703E+00  5.928223767E+00              NaN
  3.779904894E-02  6.737590056E+00  6.285731239E+00              NaN
  4.041208042E-02  7.203356667E+00  6.647076539E+00              NaN
  4.314684685E-02  7.690822240E+00  7.010870326E+00              NaN
  4.600864803E-02  8.200931456E+00  7.375661727E+00              NaN
  4.900297817E-02  8.734663641E+00  7.739969714E+00              NaN
  5.213552935E-02  9.293033394E+00  8.102313326E+00              NaN
  5.541219470E-02  9.877091155E+00  8.461241800E+00              NaN
  5.883907120E-02  1.048792369E+01  8.815366300E+00              NaN
  6.242246199E-02  1.112665453E+01  9.163400951E+00              NaN
  6.616887817E-02  1.179444425E+01  9.504192903E+00              NaN
  7.008504005E-02  1.249249074E+01  9.836711210E+00              NaN
  7.417787771E-02  1.322202926E+01  1.016009874E+01              NaN
  7.845453086E-02  1.398433246E+01  1.047365498E+01              NaN
  8.292234787E-02  1.478071015E+01  1.077683720E+01              NaN
  8.758888390E-02  1.561250904E+01  1.106925723E+01              NaN
  9.246189801E-02  1.648111215E+01  1.135067311E+01              NaN
  9.754934928E-02  1.738793816E+01  1.162097227E+01              NaN
  1.028593916E-01  1.833444050E+01  1.188015085E+01              NaN
  1.084003671E-01  1.932210614E+01  1.212830409E+01              NaN
  1.141807987E-01  2.035245424E+01  1.236560690E+01              NaN
  1.202093803E-01  2.142703449E+01  1.259230190E+01              NaN
  1.264949659E-01  2.254742508E+01  1.280868410E+01              NaN
  1.330465568E-01  2.371523050E+01  1.301509215E+01              NaN
  1.398732873E-01  2.493207887E+01  1.321189972E+01              NaN
  1.469844074E-01  2.619961901E+01  1.339950935E+01              NaN
  1.543892645E-01  2.751951709E+01  1.357835280E+01              NaN
  1.620972825E-01  2.889345286E+01  1.374889412E+01              NaN
  1.701179381E-01  3.032311554E+01  1.391161576E+01              NaN
  1.784607353E-01  3.181019918E+01  1.406703787E+01              NaN
  1.871351772E-01  3.335639769E+01  1.421571096E+01              NaN
  1.961507347E-01  3.496339925E+01  1.435820077E+01              NaN
  2.055168134E-01  3.663288038E+01  1.449507520E+01              NaN
  2.152427171E-01  3.836649944E+01  1.462689423E+01              NaN
  2.253376085E-01  4.016588969E+01  1.475420320E+01              NaN
  2.358104677E-01  4.203265178E+01  1.487755332E+01              NaN
  2.466700473E-01  4.396834587E+01  1.499742733E+01              NaN
  2.579248252E-01  4.597448312E+01  1.511427052E+01              NaN
  2.695829546E-01  4.805251679E+01  1.522849692E+01              NaN
  2.816522112E-01  5.020383292E+01  1.534048411E+01              NaN
  2.941399389E-01  5.242974050E+01  1.545057193E+01              NaN
  3.070529917E-01  5.473146129E+01  1.555906215E+01              NaN
  3.203976758E-01  5.711011931E+01  1.566621434E+01              NaN
  3.341796879E-01  5.956672999E+01  1.577227381E+01              NaN
  3.484040536E-01  6.210218914E+01  1.587742634E+01              NaN
  3.630750640E-01  6.471726165E+01  1.598180199E+01              NaN
  3.781962124E-01  6.741257019E+01  1.608551513E+01              NaN
  3.937701307E-01  7.018858387E+01  1.618856259E+01              NaN
  4.097985258E-01  7.304560695E+01  1.629084927E+01              NaN
  4.262821178E-01  7.598376779E+01  1.639230890E+01              NaN
  4.432205795E-01  7.900300808E+01  1.649300725E+01              NaN
  4.606124783E-01  8.210307245E+01  1.659305520E+01              NaN
  4.784552212E-01  8.528349867E+01  1.669258027E+01              NaN
  4.967450030E-01  8.854360854E+01  1.679162498E+01              NaN
  5.154767602E-01  9.188249945E+01  1.689011272E+01              NaN
  5.346441289E-01  9.529903708E+01  1.698785978E+01              NaN
  5.542394094E-01  9.879184894E+01  1.708460996E+01              NaN
  5.742535369E-01  1.023593193E+02  1.718004150E+01              NaN
  5.946760607E-01  1.059995853E+02  1.727375887E+01              NaN
  6.154951302E-01  1.097105346E+02  1.736530142E+01              NaN
  6.366974902E-01  1.134898046E+02  1.745428663E+01              NaN
  6.582684859E-01  1.173347830E+02  1.754033270E+01              NaN
  6.801920762E-01  1.212426105E+02  1.762310344E+01              NaN
  7.024508587E-01  1.252101852E+02  1.770223727E+01              NaN
  7.250261034E-01  1.292341686E+02  1.777730217E+01              NaN
  7.478977982E-01  1.333109935E+02  1.784780098E+01              NaN
  7.710447039E-01  1.374368741E+02  1.791321743E+01              NaN
  7.944444197E-01  1.416078174E+02  1.797308330E+01              NaN
  8.180734588E-01  1.458196371E+02  1.802703468E+01              NaN
  8.419073338E-01  1.500679684E+02  1.807470438E+01              NaN
  8.659206506E-01  1.543482846E+02  1.811579988E+01              NaN
  8.900872113E-01  1.586559163E+02  1.815012806E+01              NaN
  9.143801241E-01  1.629860699E+02  1.817755359E+01              NaN
  9.387719201E-01  1.673338491E+02  1.819796803E+01              NaN
  9.632346757E-01  1.716942768E+02  1.821126601E+01              NaN
  9.877401392E-01  1.760623171E+02  1.821732597E+01              NaN
  1.012259861E+00  1.804328988E+02  1.821602242E+01              NaN
  1.036765324E+00  1.848009390E+02  1.820729119E+01              NaN
  1.061228080E+00  1.891613667E+02  1.819115366E+01              NaN
  1.085619876E+00  1.935091460E+02  1.816776568E+01              NaN
  1.109912789E+00  1.978392996E+02  1.813735606E+01              NaN
  1.134079349E+00  2.021469312E+02  1.810020467E+01              NaN
  1.158092666E+00  2.064272475E+02  1.805663457E+01              NaN
  1.181926541E+00  2.106755787E+02  1.800699839E+01              NaN
  1.205555580E+00  2.148873984E+02  1.795164857E+01              NaN
  1.228955296E+00  2.190583418E+02  1.789098878E+01              NaN
  1.252102202E+00  2.231842223E+02  1.782538418E+01              NaN
  1.274973897E+00  2.272610472E+02  1.775527486E+01              NaN
  1.297549141E+00  2.312850306E+02  1.768122787E+01              NaN
  1.319807924E+00  2.352526053E+02  1.760384344E+01              NaN
  1.341731514E+00  2.391604329E+02  1.752364105E+01              NaN
  1.363302510E+00  2.430054112E+02  1.744101092E+01              NaN
  1.384504870E+00  2.467846812E+02  1.735628374E+01              NaN
  1.405323939E+00  2.504956305E+02  1.726976011E+01              NaN
  1.425746463E+00  2.541358966E+02  1.718160951E+01              NaN
  1.445760591E+00  2.577033669E+02  1.709211500E+01              NaN
  1.465355871E+00  2.611961788E+02  1.700155744E+01              NaN
  1.484523240E+00  2.646127164E+02  1.691011842E+01              NaN
  1.503254997E+00  2.679516073E+02  1.681783090E+01              NaN
  1.521544779E+00  2.712117172E+02  1.672460234E+01              NaN
  1.539387522E+00  2.743921434E+02  1.663031317E+01              NaN
  1.556779421E+00  2.774922078E+02  1.653495571E+01              NaN
  1.573717882E+00  2.805114481E+02  1.643848701E+01              NaN
  1.590201474E+00  2.834496089E+02  1.634097073E+01              NaN
  1.606229869E+00  2.863066320E+02  1.624253501E+01              NaN
  1.621803788E+00  2.890826457E+02  1.614333227E+01              NaN
  1.636924936E+00  2.917779542E+02  1.604348383E+01              NaN
  1.651595946E+00  2.943930267E+02  1.594303543E+01              NaN
  1.665820312E+00  2.969284859E+02  1.584194963E+01              NaN
  1.679602324E+00  2.993850966E+02  1.574014121E+01              NaN
  1.692947008E+00  3.017637546E+02  1.563737175E+01              NaN
  1.705860061E+00  3.040654754E+02  1.553326948E+01              NaN
  1.718347789E+00  3.062913829E+02  1.542740810E+01              NaN
  1.730417045E+00  3.084426991E+02  1.531935108E+01              NaN
  1.742075175E+00  3.105207327E+02  1.520867191E+01              NaN
  1.753329953E+00  3.125268700E+02  1.509494388E+01              NaN
  1.764189532E+00  3.144625641E+02  1.497773005E+01              NaN
  1.774662392E+00  3.163293262E+02  1.485658646E+01              NaN
  1.784757283E+00  3.181287164E+02  1.473105856E+01              NaN
  1.794483187E+00  3.198623355E+02  1.460065126E+01              NaN
  1.803849265E+00  3.215318166E+02  1.446488511E+01              NaN
  1.812864823E+00  3.231388182E+02  1.432326327E+01              NaN
  1.821539265E+00  3.246850167E+02  1.417527109E+01              NaN
  1.829882062E+00  3.261721003E+02  1.402038105E+01              NaN
  1.837902717E+00  3.276017630E+02  1.385805842E+01              NaN
  1.845610735E+00  3.289756988E+02  1.368776660E+01              NaN
  1.853015593E+00  3.302955968E+02  1.350896920E+01              NaN
  1.860126713E+00  3.315631370E+02  1.332112703E+01              NaN
  1.866953443E+00  3.327799854E+02  1.312372446E+01              NaN
  1.873505034E+00  3.339477908E+02  1.291627981E+01              NaN
  1.879790620E+00  3.350681814E+02  1.269835097E+01              NaN
  1.885819201E+00  3.361427616E+02  1.246954356E+01              NaN
  1.891599633E+00  3.371731097E+02  1.222952136E+01              NaN
  1.897140608E+00  3.381607754E+02  1.197801792E+01              NaN
  1.902450651E+00  3.391072777E+02  1.171485551E+01              NaN
  1.907538102E+00  3.400141037E+02  1.143996137E+01              NaN
  1.912411116E+00  3.408827068E+02  1.115338910E+01              NaN
  1.917077652E+00  3.417145057E+02  1.085532816E+01              NaN
  1.921545469E+00  3.425108834E+02  1.054612168E+01              NaN
  1.925822122E+00  3.432731866E+02  1.022627774E+01              NaN
  1.929914960E+00  3.440027251E+02  9.896470114E+00              NaN
  1.933831122E+00  3.447007716E+02  9.557532910E+00              NaN
  1.937577538E+00  3.453685613E+02  9.210451164E+00              NaN
  1.941160929E+00  3.460072922E+02  8.856371421E+00              NaN
  1.944587805E+00  3.466181247E+02  8.496543810E+00              NaN
  1.947864471E+00  3.472021825E+02  8.132330343E+00              NaN
  1.950997022E+00  3.477605522E+02  7.765173347E+00              NaN
  1.953991352E+00  3.482942844E+02  7.396554566E+00              NaN
  1.956853153E+00  3.488043936E+02  7.027965197E+00              NaN
  1.959587920E+00  3.492918592E+02  6.660878572E+00              NaN
  1.962200951E+00  3.497576258E+02  6.296723284E+00              NaN
  1.964697357E+00  3.502026042E+02  5.936855322E+00              NaN
  1.967082059E+00  3.506276717E+02  5.582513077E+00              NaN
  1.969359799E+00  3.510336734E+02  5.234831722E+00              NaN
  1.971535139E+00  3.514214225E+02  4.894791808E+00              NaN
  1.973612468E+00  3.517917014E+02  4.563243317E+00              NaN
  1.975596006E+00  3.521452622E+02  4.240892056E+00              NaN
  1.977489809E+00  3.524828281E+02  3.928289200E+00              NaN
  1.979297775E+00  3.528050937E+02  3.625837860E+00              NaN
  1.981023645E+00  3.531127260E+02  3.333824389E+00              NaN
  1.982671014E+00  3.534063655E+02  3.052415196E+00              NaN
  1.984243328E+00  3.536866267E+02  2.781660708E+00              NaN
  1.985743895E+00  3.539540992E+02  2.521524344E+00              NaN
  1.987175887E+00  3.542093483E+02  2.271895877E+00              NaN
  1.988542344E+00  3.544529162E+02  2.032601438E+00              NaN
  1.989846183E+00  3.546853222E+02  1.803413434E+00              NaN
  1.991090194E+00  3.549070642E+02  1.584063265E+00              NaN
  1.992277053E+00  3.551186191E+02  1.374250667E+00              NaN
  1.993409322E+00  3.553204434E+02  1.173664703E+00              NaN
  1.994489455E+00  3.555129743E+02  9.819752892E-01              NaN
  1.995519797E+00  3.556966305E+02  7.988468669E-01              NaN
  1.996502598E+00  3.558718123E+02  6.239468853E-01              NaN
  1.997440006E+00  3.560389031E+02  4.569410018E-01              NaN
  1.998334079E+00  3.561982694E+02  2.974969516E-01              NaN
  1.999186783E+00  3.563502619E+02  1.452889595E-01              NaN
  2.000000000E+00  3.564952159E+02  0.000000000E+00              NaN
