#time =  3.6000071E+02
#  y    y+    uu+    vv+    ww+    uv+    tt+    ut    -vt
  0.000000000E+00  0.000000000E+00  0.000000000E+00  0.000000000E+00  0.000000000E+00  0.000000000E+00              NaN              NaN              NaN
  8.132169850E-04  1.449539823E-01  2.874327268E-03  3.398365677E-08  8.173740464E-04 -2.326902134E-06              NaN              NaN              NaN
  1.665921199E-03  2.969464687E-01  1.204432000E-02  5.737650850E-07  3.310042157E-03 -2.018437164E-05              NaN              NaN              NaN
  2.559993823E-03  4.563127753E-01  2.840120693E-02  3.059874820E-06  7.533002344E-03 -7.389503324E-05              NaN              NaN              NaN
  3.497402035E-03  6.234035466E-01  5.293778290E-02  1.017956231E-05  1.353240134E-02 -1.900786751E-04              NaN              NaN              NaN
  4.480202568E-03  7.985853907E-01  8.675625563E-02  2.613740175E-05  2.134411454E-02 -4.029708368E-04              NaN              NaN              NaN
  5.510545394E-03  9.822415348E-01  1.310686387E-01  5.693680922E-05  3.099215338E-02 -7.558412656E-04              NaN              NaN              NaN
  6.590677506E-03  1.174772500E+00  1.871950279E-01  1.106691282E-04  4.248718147E-02 -1.302479547E-03              NaN              NaN              NaN
  7.722946815E-03  1.376596796E+00  2.565636036E-01  1.978125291E-04  5.582588660E-02 -2.108732215E-03              NaN              NaN              NaN
  8.909806151E-03  1.588151634E+00  3.406922464E-01  3.315344104E-04  7.098989397E-02 -3.253929367E-03              NaN              NaN              NaN
  1.015381737E-02  1.809893657E+00  4.411647426E-01  5.279710259E-04  8.794461759E-02 -4.832042226E-03              NaN              NaN              NaN
  1.145765555E-02  2.042299695E+00  5.595987534E-01  8.065024358E-04  1.066402410E-01 -6.952553548E-03              NaN              NaN              NaN
  1.282411332E-02  2.285867524E+00  6.975958376E-01  1.189960636E-03  1.270111859E-01 -9.740629940E-03              NaN              NaN              NaN
  1.425610523E-02  2.541116655E+00  8.566675779E-01  1.704854518E-03  1.489770023E-01 -1.333651992E-02              NaN              NaN              NaN
  1.575667222E-02  2.808589131E+00  1.038155833E+00  2.381530619E-03  1.724437724E-01 -1.789396754E-02              NaN              NaN              NaN
  1.732898620E-02  3.088850339E+00  1.243140845E+00  3.254262072E-03  1.973064986E-01 -2.357748363E-02              NaN              NaN              NaN
  1.897635469E-02  3.382489830E+00  1.472329571E+00  4.361285032E-03  2.234521614E-01 -3.055833348E-02              NaN              NaN              NaN
  2.070222542E-02  3.690122161E+00  1.725946782E+00  5.744869400E-03  2.507629720E-01 -3.900936231E-02              NaN              NaN              NaN
  2.251019117E-02  4.012387730E+00  2.003620581E+00  7.451157651E-03  2.791183748E-01 -4.909800172E-02              NaN              NaN              NaN
  2.440399441E-02  4.349953628E+00  2.304267196E+00  9.530052822E-03  3.083993613E-01 -6.097865964E-02              NaN              NaN              NaN
  2.638753217E-02  4.703514489E+00  2.626068875E+00  1.203511585E-02  3.384930369E-01 -7.478516582E-02              NaN              NaN              NaN
  2.846486076E-02  5.073793340E+00  2.966377350E+00  1.502316509E-02  3.692932646E-01 -9.062126561E-02              NaN              NaN              NaN
  3.064020051E-02  5.461542447E+00  3.321717673E+00  1.855396723E-02  4.007025617E-01 -1.085521272E-01              NaN              NaN              NaN
  3.291794050E-02  5.867544152E+00  3.687869310E+00  2.268995842E-02  4.326342227E-01 -1.285974748E-01              NaN              NaN              NaN
  3.530264319E-02  6.292611703E+00  4.059958970E+00  2.749584546E-02  4.650132232E-01 -1.507262279E-01              NaN              NaN              NaN
  3.779904894E-02  6.737590056E+00  4.432560307E+00  3.303771066E-02  4.977722078E-01 -1.748506991E-01              NaN              NaN              NaN
  4.041208042E-02  7.203356667E+00  4.799951472E+00  3.938301092E-02  5.308528756E-01 -2.008276452E-01              NaN              NaN              NaN
  4.314684685E-02  7.690822240E+00  5.156272346E+00  4.659920566E-02  5.642001344E-01 -2.284573594E-01              NaN              NaN              NaN
  4.600864803E-02  8.200931456E+00  5.495786488E+00  5.475312809E-02  5.977604599E-01 -2.574895684E-01              NaN              NaN              NaN
  4.900297817E-02  8.734663641E+00  5.813107252E+00  6.390990505E-02  6.314781355E-01 -2.876308564E-01              NaN              NaN              NaN
  5.213552935E-02  9.293033394E+00  6.103400725E+00  7.413177081E-02  6.652908668E-01 -3.185542963E-01              NaN              NaN              NaN
  5.541219470E-02  9.877091155E+00  6.362551166E+00  8.547634912E-02  6.991251854E-01 -3.499110023E-01              NaN              NaN              NaN
  5.883907120E-02  1.048792369E+01  6.587283046E+00  9.799459909E-02  7.328925661E-01 -3.813429494E-01              NaN              NaN              NaN
  6.242246199E-02  1.112665453E+01  6.775237606E+00  1.117292369E-01  7.664874883E-01 -4.124969230E-01              NaN              NaN              NaN
  6.616887817E-02  1.179444425E+01  6.924986867E+00  1.267130555E-01  7.997858367E-01 -4.430383358E-01              NaN              NaN              NaN
  7.008504005E-02  1.249249074E+01  7.035985204E+00  1.429651935E-01  8.326426680E-01 -4.726578882E-01              NaN              NaN              NaN
  7.417787771E-02  1.322202926E+01  7.108520240E+00  1.604906500E-01  8.648979294E-01 -5.010859553E-01              NaN              NaN              NaN
  7.845453086E-02  1.398433246E+01  7.143613216E+00  1.792770795E-01  8.963787479E-01 -5.280946725E-01              NaN              NaN              NaN
  8.292234787E-02  1.478071015E+01  7.142897084E+00  1.992935257E-01  9.269030000E-01 -5.535017514E-01              NaN              NaN              NaN
  8.758888390E-02  1.561250904E+01  7.108511174E+00  2.204891658E-01  9.562838966E-01 -5.771716907E-01              NaN              NaN              NaN
  9.246189801E-02  1.648111215E+01  7.042995271E+00  2.427922373E-01  9.843353584E-01 -5.990136967E-01              NaN              NaN              NaN
  9.754934928E-02  1.738793816E+01  6.949178043E+00  2.661098406E-01  1.010877661E+00 -6.189760618E-01              NaN              NaN              NaN
  1.028593916E-01  1.833444050E+01  6.830097660E+00  2.903277898E-01  1.035744699E+00 -6.370415470E-01              NaN              NaN              NaN
  1.084003671E-01  1.932210614E+01  6.688908024E+00  3.153118079E-01  1.058796088E+00 -6.532215238E-01              NaN              NaN              NaN
  1.141807987E-01  2.035245424E+01  6.528824175E+00  3.409077269E-01  1.079922988E+00 -6.675506070E-01              NaN              NaN              NaN
  1.202093803E-01  2.142703449E+01  6.353062026E+00  3.669437151E-01  1.099054754E+00 -6.800788620E-01              NaN              NaN              NaN
  1.264949659E-01  2.254742508E+01  6.164787482E+00  3.932349055E-01  1.116150542E+00 -6.908654582E-01              NaN              NaN              NaN
  1.330465568E-01  2.371523050E+01  5.967047933E+00  4.195851090E-01  1.131190470E+00 -6.999771017E-01              NaN              NaN              NaN
  1.398732873E-01  2.493207887E+01  5.762709253E+00  4.457881918E-01  1.144169200E+00 -7.074862529E-01              NaN              NaN              NaN
  1.469844074E-01  2.619961901E+01  5.554409491E+00  4.716333415E-01  1.155093751E+00 -7.134644045E-01              NaN              NaN              NaN
  1.543892645E-01  2.751951709E+01  5.344491239E+00  4.969156408E-01  1.163986155E+00 -7.179708015E-01              NaN              NaN              NaN
  1.620972825E-01  2.889345286E+01  5.134876874E+00  5.214254326E-01  1.170892149E+00 -7.210762900E-01              NaN              NaN              NaN
  1.701179381E-01  3.032311554E+01  4.927197295E+00  5.449738412E-01  1.175905973E+00 -7.228348472E-01              NaN              NaN              NaN
  1.784607353E-01  3.181019918E+01  4.722846601E+00  5.673783735E-01  1.179172479E+00 -7.233026752E-01              NaN              NaN              NaN
  1.871351772E-01  3.335639769E+01  4.522946188E+00  5.884834517E-01  1.180870765E+00 -7.225288722E-01              NaN              NaN              NaN
  1.961507347E-01  3.496339925E+01  4.328407046E+00  6.081516578E-01  1.181189226E+00 -7.205723492E-01              NaN              NaN              NaN
  2.055168134E-01  3.663288038E+01  4.139995313E+00  6.262564993E-01  1.180288019E+00 -7.175016233E-01              NaN              NaN              NaN
  2.152427171E-01  3.836649944E+01  3.958380330E+00  6.426838699E-01  1.178258871E+00 -7.133780633E-01              NaN              NaN              NaN
  2.253376085E-01  4.016588969E+01  3.784104071E+00  6.573543966E-01  1.175106661E+00 -7.082371413E-01              NaN              NaN              NaN
  2.358104677E-01  4.203265178E+01  3.617335251E+00  6.701608732E-01  1.170761745E+00 -7.021408263E-01              NaN              NaN              NaN
  2.466700473E-01  4.396834587E+01  3.457971949E+00  6.810644577E-01  1.165127885E+00 -6.951580703E-01              NaN              NaN              NaN
  2.579248252E-01  4.597448312E+01  3.306392968E+00  6.900056406E-01  1.158171244E+00 -6.873276244E-01              NaN              NaN              NaN
  2.695829546E-01  4.805251679E+01  3.162894635E+00  6.969677631E-01  1.149818506E+00 -6.786914414E-01              NaN              NaN              NaN
  2.816522112E-01  5.020383292E+01  3.027491453E+00  7.019616290E-01  1.139951294E+00 -6.692860199E-01              NaN              NaN              NaN
  2.941399389E-01  5.242974050E+01  2.899790035E+00  7.050085228E-01  1.128441956E+00 -6.591485093E-01              NaN              NaN              NaN
  3.070529917E-01  5.473146129E+01  2.779032891E+00  7.061333242E-01  1.115216662E+00 -6.483242924E-01              NaN              NaN              NaN
  3.203976758E-01  5.711011931E+01  2.664449346E+00  7.053821092E-01  1.100300064E+00 -6.368412178E-01              NaN              NaN              NaN
  3.341796879E-01  5.956672999E+01  2.555782584E+00  7.028026389E-01  1.083779679E+00 -6.246915989E-01              NaN              NaN              NaN
  3.484040536E-01  6.210218914E+01  2.452301384E+00  6.984543612E-01  1.065620518E+00 -6.119556313E-01              NaN              NaN              NaN
  3.630750640E-01  6.471726165E+01  2.353977602E+00  6.924115800E-01  1.046111992E+00 -5.986319011E-01              NaN              NaN              NaN
  3.781962124E-01  6.741257019E+01  2.260652954E+00  6.847555253E-01  1.025566206E+00 -5.847542127E-01              NaN              NaN              NaN
  3.937701307E-01  7.018858387E+01  2.172083372E+00  6.756054725E-01  1.003952809E+00 -5.703640134E-01              NaN              NaN              NaN
  4.097985258E-01  7.304560695E+01  2.088063073E+00  6.651220744E-01  9.808897463E-01 -5.554807329E-01              NaN              NaN              NaN
  4.262821178E-01  7.598376779E+01  2.008358688E+00  6.535020749E-01  9.559451892E-01 -5.400864809E-01              NaN              NaN              NaN
  4.432205795E-01  7.900300808E+01  1.932579895E+00  6.409651073E-01  9.290695355E-01 -5.241443360E-01              NaN              NaN              NaN
  4.606124783E-01  8.210307245E+01  1.860488921E+00  6.277240070E-01  9.007803415E-01 -5.076271567E-01              NaN              NaN              NaN
  4.784552212E-01  8.528349867E+01  1.790815364E+00  6.139335374E-01  8.712495356E-01 -4.905748019E-01              NaN              NaN              NaN
  4.967450030E-01  8.854360854E+01  1.722836433E+00  5.997118183E-01  8.407684104E-01 -4.730153816E-01              NaN              NaN              NaN
  5.154767602E-01  9.188249945E+01  1.656551329E+00  5.851711632E-01  8.099783847E-01 -4.549789511E-01              NaN              NaN              NaN
  5.346441289E-01  9.529903708E+01  1.591686116E+00  5.704356566E-01  7.794088518E-01 -4.365090394E-01              NaN              NaN              NaN
  5.542394094E-01  9.879184894E+01  1.527626103E+00  5.556190926E-01  7.493203293E-01 -4.176213158E-01              NaN              NaN              NaN
  5.742535369E-01  1.023593193E+02  1.463820260E+00  5.407997122E-01  7.196801058E-01 -3.983307733E-01              NaN              NaN              NaN
  5.946760607E-01  1.059995853E+02  1.400315855E+00  5.260205723E-01  6.903350309E-01 -3.786833702E-01              NaN              NaN              NaN
  6.154951302E-01  1.097105346E+02  1.337773266E+00  5.113571579E-01  6.614756593E-01 -3.586787958E-01              NaN              NaN              NaN
  6.366974902E-01  1.134898046E+02  1.276670603E+00  4.969292173E-01  6.335166750E-01 -3.382970821E-01              NaN              NaN              NaN
  6.582684859E-01  1.173347830E+02  1.217216687E+00  4.828989608E-01  6.064707091E-01 -3.175719171E-01              NaN              NaN              NaN
  6.801920762E-01  1.212426105E+02  1.159636179E+00  4.695109872E-01  5.805727903E-01 -2.965243361E-01              NaN              NaN              NaN
  7.024508587E-01  1.252101852E+02  1.103445047E+00  4.570157055E-01  5.558578113E-01 -2.751913512E-01              NaN              NaN              NaN
  7.250261034E-01  1.292341686E+02  1.048242502E+00  4.455760527E-01  5.324690242E-01 -2.536367764E-01              NaN              NaN              NaN
  7.478977982E-01  1.333109935E+02  9.940207143E-01  4.352531012E-01  5.106221737E-01 -2.319208051E-01              NaN              NaN              NaN
  7.710447039E-01  1.374368741E+02  9.411255232E-01  4.260397714E-01  4.904694335E-01 -2.100649812E-01              NaN              NaN              NaN
  7.944444197E-01  1.416078174E+02  8.901681871E-01  4.178902731E-01  4.722381251E-01 -1.880668290E-01              NaN              NaN              NaN
  8.180734588E-01  1.458196371E+02  8.422579918E-01  4.107149166E-01  4.566425589E-01 -1.659174991E-01              NaN              NaN              NaN
  8.419073338E-01  1.500679684E+02  7.981705881E-01  4.044206384E-01  4.435092626E-01 -1.436434311E-01              NaN              NaN              NaN
  8.659206506E-01  1.543482846E+02  7.587834972E-01  3.990018885E-01  4.326224901E-01 -1.212247592E-01              NaN              NaN              NaN
  8.900872113E-01  1.586559163E+02  7.246941865E-01  3.945214354E-01  4.237660449E-01 -9.867518922E-02              NaN              NaN              NaN
  9.143801241E-01  1.629860699E+02  6.963779337E-01  3.910526073E-01  4.169248766E-01 -7.601272365E-02              NaN              NaN              NaN
  9.387719201E-01  1.673338491E+02  6.743955195E-01  3.886404297E-01  4.121441945E-01 -5.325987980E-02              NaN              NaN              NaN
  9.632346757E-01  1.716942768E+02  6.594565646E-01  3.872900236E-01  4.092756291E-01 -3.045761579E-02              NaN              NaN              NaN
  9.877401392E-01  1.760623171E+02  6.522104795E-01  3.869916967E-01  4.079555143E-01 -7.649189075E-03              NaN              NaN              NaN
  1.012259861E+00  1.804328988E+02  6.527864179E-01  3.877645062E-01  4.081069670E-01  1.516785724E-02              NaN              NaN              NaN
  1.036765324E+00  1.848009390E+02  6.607077514E-01  3.896026489E-01  4.095985336E-01  3.796408917E-02              NaN              NaN              NaN
  1.061228080E+00  1.891613667E+02  6.753690481E-01  3.924359678E-01  4.125693898E-01  6.075567447E-02              NaN              NaN              NaN
  1.085619876E+00  1.935091460E+02  6.965304190E-01  3.961912037E-01  4.174467251E-01  8.353031500E-02              NaN              NaN              NaN
  1.109912789E+00  1.978392996E+02  7.239440933E-01  4.008521956E-01  4.246866912E-01  1.062720588E-01              NaN              NaN              NaN
  1.134079349E+00  2.021469312E+02  7.572600710E-01  4.064516647E-01  4.346533451E-01  1.289605202E-01              NaN              NaN              NaN
  1.158092666E+00  2.064272475E+02  7.960760416E-01  4.130348006E-01  4.475117096E-01  1.515616936E-01              NaN              NaN              NaN
  1.181926541E+00  2.106755787E+02  8.399546445E-01  4.206249214E-01  4.631147899E-01  1.740338677E-01              NaN              NaN              NaN
  1.205555580E+00  2.148873984E+02  8.883060172E-01  4.292154489E-01  4.809493080E-01  1.963512795E-01              NaN              NaN              NaN
  1.228955296E+00  2.190583418E+02  9.408286118E-01  4.387567673E-01  5.007765244E-01  2.184718896E-01              NaN              NaN              NaN
  1.252102202E+00  2.231842223E+02  9.966451602E-01  4.491485993E-01  5.218751913E-01  2.403559933E-01              NaN              NaN              NaN
  1.274973897E+00  2.272610472E+02  1.055238352E+00  4.602756523E-01  5.438345866E-01  2.620196723E-01              NaN              NaN              NaN
  1.297549141E+00  2.312850306E+02  1.115920520E+00  4.720208262E-01  5.665799306E-01  2.834720914E-01              NaN              NaN              NaN
  1.319807924E+00  2.352526053E+02  1.177962108E+00  4.842710013E-01  5.902969193E-01  3.046691054E-01              NaN              NaN              NaN
  1.341731514E+00  2.391604329E+02  1.240999722E+00  4.969263733E-01  6.152520273E-01  3.255536882E-01              NaN              NaN              NaN
  1.363302510E+00  2.430054112E+02  1.305009839E+00  5.099138000E-01  6.415129979E-01  3.461005314E-01              NaN              NaN              NaN
  1.384504870E+00  2.467846812E+02  1.369497338E+00  5.232038603E-01  6.685862494E-01  3.663079928E-01              NaN              NaN              NaN
  1.405323939E+00  2.504956305E+02  1.434182309E+00  5.367928727E-01  6.963322199E-01  3.861174362E-01              NaN              NaN              NaN
  1.425746463E+00  2.541358966E+02  1.498857801E+00  5.506362272E-01  7.245336003E-01  4.055510760E-01              NaN              NaN              NaN
  1.445760591E+00  2.577033669E+02  1.563855144E+00  5.646706336E-01  7.530149671E-01  4.246197509E-01              NaN              NaN              NaN
  1.465355871E+00  2.611961788E+02  1.629785974E+00  5.788539518E-01  7.817367604E-01  4.432890797E-01              NaN              NaN              NaN
  1.484523240E+00  2.646127164E+02  1.697034618E+00  5.931268527E-01  8.105881990E-01  4.615041905E-01              NaN              NaN              NaN
  1.503254997E+00  2.679516073E+02  1.765806947E+00  6.073697830E-01  8.393674811E-01  4.792061366E-01              NaN              NaN              NaN
  1.521544779E+00  2.712117172E+02  1.836248272E+00  6.213956439E-01  8.678030922E-01  4.963558239E-01              NaN              NaN              NaN
  1.539387522E+00  2.743921434E+02  1.908428324E+00  6.349949680E-01  8.955485859E-01  5.129717652E-01              NaN              NaN              NaN
  1.556779421E+00  2.774922078E+02  1.982708594E+00  6.479744738E-01  9.224754490E-01  5.290759741E-01              NaN              NaN              NaN
  1.573717882E+00  2.805114481E+02  2.060074087E+00  6.601482471E-01  9.485666888E-01  5.446472221E-01              NaN              NaN              NaN
  1.590201474E+00  2.834496089E+02  2.140816427E+00  6.713001258E-01  9.734798480E-01  5.597458290E-01              NaN              NaN              NaN
  1.606229869E+00  2.863066320E+02  2.225370913E+00  6.812771825E-01  9.972274823E-01  5.743859087E-01              NaN              NaN              NaN
  1.621803788E+00  2.890826457E+02  2.314278428E+00  6.899633695E-01  1.019796293E+00  5.885598060E-01              NaN              NaN              NaN
  1.636924936E+00  2.917779542E+02  2.408114714E+00  6.972388166E-01  1.041055729E+00  6.022442395E-01              NaN              NaN              NaN
  1.651595946E+00  2.943930267E+02  2.507344772E+00  7.029681128E-01  1.060798207E+00  6.154096592E-01              NaN              NaN              NaN
  1.665820312E+00  2.969284859E+02  2.612154839E+00  7.070169571E-01  1.078817411E+00  6.280337406E-01              NaN              NaN              NaN
  1.679602324E+00  2.993850966E+02  2.722490373E+00  7.092687923E-01  1.094999535E+00  6.400985220E-01              NaN              NaN              NaN
  1.692947008E+00  3.017637546E+02  2.839042686E+00  7.096386464E-01  1.109399740E+00  6.514851822E-01              NaN              NaN              NaN
  1.705860061E+00  3.040654754E+02  2.962119933E+00  7.080666986E-01  1.122015505E+00  6.621685895E-01              NaN              NaN              NaN
  1.718347789E+00  3.062913829E+02  3.092507974E+00  7.045145146E-01  1.132919835E+00  6.721208389E-01              NaN              NaN              NaN
  1.730417045E+00  3.084426991E+02  3.231104256E+00  6.989645938E-01  1.142311263E+00  6.813108839E-01              NaN              NaN              NaN
  1.742075175E+00  3.105207327E+02  3.378630008E+00  6.913926315E-01  1.150470839E+00  6.897103604E-01              NaN              NaN              NaN
  1.753329953E+00  3.125268700E+02  3.535480456E+00  6.817729430E-01  1.157660312E+00  6.972907919E-01              NaN              NaN              NaN
  1.764189532E+00  3.144625641E+02  3.701623931E+00  6.701015257E-01  1.164010210E+00  7.040186997E-01              NaN              NaN              NaN
  1.774662392E+00  3.163293262E+02  3.876530827E+00  6.564226915E-01  1.169427243E+00  7.098533886E-01              NaN              NaN              NaN
  1.784757283E+00  3.181287164E+02  4.059835356E+00  6.407743740E-01  1.173702041E+00  7.147493148E-01              NaN              NaN              NaN
  1.794483187E+00  3.198623355E+02  4.250936096E+00  6.232764018E-01  1.176540156E+00  7.186486228E-01              NaN              NaN              NaN
  1.803849265E+00  3.215318166E+02  4.448978520E+00  6.040417908E-01  1.177626987E+00  7.215220301E-01              NaN              NaN              NaN
  1.812864823E+00  3.231388182E+02  4.653062823E+00  5.832290669E-01  1.176702756E+00  7.233055870E-01              NaN              NaN              NaN
  1.821539265E+00  3.246850167E+02  4.862241751E+00  5.610129420E-01  1.173601284E+00  7.239289946E-01              NaN              NaN              NaN
  1.829882062E+00  3.261721003E+02  5.075420796E+00  5.375762080E-01  1.168260382E+00  7.233251178E-01              NaN              NaN              NaN
  1.837902717E+00  3.276017630E+02  5.291258327E+00  5.131115818E-01  1.160708903E+00  7.214256959E-01              NaN              NaN              NaN
  1.845610735E+00  3.289756988E+02  5.508084997E+00  4.878267044E-01  1.151038404E+00  7.181490154E-01              NaN              NaN              NaN
  1.853015593E+00  3.302955968E+02  5.723969875E+00  4.619235639E-01  1.139368908E+00  7.134142579E-01              NaN              NaN              NaN
  1.860126713E+00  3.315631370E+02  5.936836172E+00  4.356149158E-01  1.125815550E+00  7.071326083E-01              NaN              NaN              NaN
  1.866953443E+00  3.327799854E+02  6.144375019E+00  4.091034853E-01  1.110476645E+00  6.992347777E-01              NaN              NaN              NaN
  1.873505034E+00  3.339477908E+02  6.344097018E+00  3.825945170E-01  1.093436946E+00  6.896465805E-01              NaN              NaN              NaN
  1.879790620E+00  3.350681814E+02  6.533273704E+00  3.562861259E-01  1.074767741E+00  6.782952561E-01              NaN              NaN              NaN
  1.885819201E+00  3.361427616E+02  6.708919758E+00  3.303641319E-01  1.054524029E+00  6.651156628E-01              NaN              NaN              NaN
  1.891599633E+00  3.371731097E+02  6.867840960E+00  3.050006143E-01  1.032746709E+00  6.500538262E-01              NaN              NaN              NaN
  1.897140608E+00  3.381607754E+02  7.006725324E+00  2.803523953E-01  1.009471173E+00  6.330703874E-01              NaN              NaN              NaN
  1.902450651E+00  3.391072777E+02  7.122238749E+00  2.565573430E-01  9.847401981E-01  6.141486246E-01              NaN              NaN              NaN
  1.907538102E+00  3.400141037E+02  7.211099322E+00  2.337331366E-01  9.586095490E-01  5.933035551E-01              NaN              NaN              NaN
  1.912411116E+00  3.408827068E+02  7.270166709E+00  2.119772551E-01  9.311567515E-01  5.705853036E-01              NaN              NaN              NaN
  1.917077652E+00  3.417145057E+02  7.296564135E+00  1.913662608E-01  9.024829461E-01  5.460827782E-01              NaN              NaN              NaN
  1.921545469E+00  3.425108834E+02  7.287788936E+00  1.719563732E-01  8.727137636E-01  5.199252276E-01              NaN              NaN              NaN
  1.925822122E+00  3.432731866E+02  7.241841693E+00  1.537842661E-01  8.419943250E-01  4.922839201E-01              NaN              NaN              NaN
  1.929914960E+00  3.440027251E+02  7.157332934E+00  1.368685482E-01  8.104812813E-01  4.633706191E-01              NaN              NaN              NaN
  1.933831122E+00  3.447007716E+02  7.033572415E+00  1.212112978E-01  7.783349078E-01  4.334339577E-01              NaN              NaN              NaN
  1.937577538E+00  3.453685613E+02  6.870660154E+00  1.067994921E-01  7.457125626E-01  4.027545056E-01              NaN              NaN              NaN
  1.941160929E+00  3.460072922E+02  6.669550959E+00  9.360797115E-02  7.127641061E-01  3.716420892E-01              NaN              NaN              NaN
  1.944587805E+00  3.466181247E+02  6.432066071E+00  8.159977817E-02  6.796239396E-01  3.404225445E-01              NaN              NaN              NaN
  1.947864471E+00  3.472021825E+02  6.160910776E+00  7.072951674E-02  6.464107010E-01  3.094322501E-01              NaN              NaN              NaN
  1.950997022E+00  3.477605522E+02  5.859637315E+00  6.094477500E-02  6.132264775E-01  2.790062902E-01              NaN              NaN              NaN
  1.953991352E+00  3.482942844E+02  5.532554713E+00  5.218746558E-02  5.801566444E-01  2.494666165E-01              NaN              NaN              NaN
  1.956853153E+00  3.488043936E+02  5.184603979E+00  4.439565189E-02  5.472723449E-01  2.211113690E-01              NaN              NaN              NaN
  1.959587920E+00  3.492918592E+02  4.821198607E+00  3.750508741E-02  5.146345000E-01  1.942052511E-01              NaN              NaN              NaN
  1.962200951E+00  3.497576258E+02  4.448033410E+00  3.145027582E-02  4.822982842E-01  1.689714801E-01              NaN              NaN              NaN
  1.964697357E+00  3.502026042E+02  4.070873418E+00  2.616544259E-02  4.503174605E-01  1.455855691E-01              NaN              NaN              NaN
  1.967082059E+00  3.506276717E+02  3.695307423E+00  2.158509048E-02  4.187468790E-01  1.241702742E-01              NaN              NaN              NaN
  1.969359799E+00  3.510336734E+02  3.326606901E+00  1.764526382E-02  3.876490245E-01  1.047968706E-01              NaN              NaN              NaN
  1.971535139E+00  3.514214225E+02  2.969480864E+00  1.428352388E-02  3.570933423E-01  8.748431786E-02              NaN              NaN              NaN
  1.973612468E+00  3.517917014E+02  2.627988056E+00  1.143977452E-02  3.271605868E-01  7.220489296E-02              NaN              NaN              NaN
  1.975596006E+00  3.521452622E+02  2.305453372E+00  9.056613127E-03  2.979421446E-01  5.888925330E-02              NaN              NaN              NaN
  1.977489809E+00  3.524828281E+02  2.004392958E+00  7.079570782E-03  2.695380031E-01  4.743284285E-02              NaN              NaN              NaN
  1.979297775E+00  3.528050937E+02  1.726514495E+00  5.457385768E-03  2.420548417E-01  3.770379825E-02              NaN              NaN              NaN
  1.981023645E+00  3.531127260E+02  1.472816083E+00  4.142365444E-03  2.156053013E-01  2.955179089E-02              NaN              NaN              NaN
  1.982671014E+00  3.534063655E+02  1.243607100E+00  3.090461236E-03  1.903034609E-01  2.281494047E-02              NaN              NaN              NaN
  1.984243328E+00  3.536866267E+02  1.038621401E+00  2.261365374E-03  1.662606133E-01  1.732683363E-02              NaN              NaN              NaN
  1.985743895E+00  3.539540992E+02  8.571280256E-01  1.618646928E-03  1.435833252E-01  1.292296209E-02              NaN              NaN              NaN
  1.987175887E+00  3.542093483E+02  6.980358883E-01  1.129675233E-03  1.223703248E-01  9.445477278E-03              NaN              NaN              NaN
  1.988542344E+00  3.544529162E+02  5.600012090E-01  7.655763669E-04  1.027096089E-01  6.746889620E-03              NaN              NaN              NaN
  1.989846183E+00  3.546853222E+02  4.415157399E-01  5.011410923E-04  8.467620096E-02  4.692595638E-03              NaN              NaN              NaN
  1.991090194E+00  3.549070642E+02  3.409836515E-01  3.146664137E-04  6.833085743E-02  3.162358039E-03              NaN              NaN              NaN
  1.992277053E+00  3.551186191E+02  2.567933517E-01  1.877376960E-04  5.371925967E-02  2.050876698E-03              NaN              NaN              NaN
  1.993409322E+00  3.553204434E+02  1.873662815E-01  1.050276612E-04  4.087255860E-02  1.267645230E-03              NaN              NaN              NaN
  1.994489455E+00  3.555129743E+02  1.311883607E-01  5.403241975E-05  2.980645139E-02  7.361374773E-04              NaN              NaN              NaN
  1.995519797E+00  3.556966305E+02  8.683365757E-02  2.480342400E-05  2.052229944E-02  3.927313646E-04              NaN              NaN              NaN
  1.996502598E+00  3.558718123E+02  5.298291590E-02  9.659798196E-06  1.300817856E-02  1.853705126E-04              NaN              NaN              NaN
  1.997440006E+00  3.560389031E+02  2.842382594E-02  2.903569999E-06  7.239482395E-03  7.211062370E-05              NaN              NaN              NaN
  1.998334079E+00  3.561982694E+02  1.205306055E-02  5.444538755E-07  3.180346690E-03  1.970914663E-05              NaN              NaN              NaN
  1.999186783E+00  3.563502619E+02  2.876173781E-03  3.225347729E-08  7.851755094E-04  2.273467764E-06              NaN              NaN              NaN
  2.000000000E+00  3.564952159E+02  0.000000000E+00  0.000000000E+00  0.000000000E+00  0.000000000E+00              NaN              NaN              NaN
